17930;2918;vip;8576;22596;1
16060;3027;campo;8576;15064;2
13779;8247;campo;8576;15064;3
11925;8267;vip;8576;22596;4
9940;2354;vip;3522;24153;5
13078;2430;vip;8769;27978;6
6582;7500;platea;8576;7532;7
1588;4075;vip;8769;27978;8
6761;9841;platea;3522;8051;9
9928;3177;platea;8576;7532;10
2577;8527;vip;8576;22596;11
1839;2489;platea;8769;9326;12
6355;3248;campo;8576;15064;13
6024;8493;platea;8576;7532;14
8750;1311;campo;8576;15064;15
17089;8182;campo;8576;15064;16
7985;2430;platea;3522;8051;17
5607;8267;campo;8769;18652;18
4181;5007;vip;8576;22596;19
19706;4075;campo;8769;18652;20
11568;3267;campo;8576;15064;21
11197;1818;vip;3522;24153;22
1165;9877;campo;3522;16102;23
12918;4160;platea;8576;7532;24
19756;7875;vip;8769;27978;25
15790;6246;campo;8769;18652;26
9074;3780;campo;8576;15064;27
6288;9820;platea;8769;9326;28
15141;5007;campo;8576;15064;29
8293;8636;campo;8769;18652;30
6591;7586;campo;3522;16102;31
2276;7586;platea;3522;8051;32
1671;7586;campo;3522;16102;33
6895;3270;platea;8769;9326;34
15832;1472;vip;8576;22596;35
19847;7500;campo;3522;16102;36
16632;2489;vip;3522;24153;37
11025;8008;campo;3522;16102;38
16785;7500;vip;8769;27978;39
6911;7500;platea;3522;8051;40
5581;1808;platea;8576;7532;41
17145;5491;campo;8769;18652;42
18948;2815;vip;8769;27978;43
2187;8056;campo;8769;18652;44
6405;4124;platea;8576;7532;45
1304;9961;vip;8769;27978;46
8118;1522;platea;8769;9326;47
13449;3137;platea;3522;8051;48
8464;9820;campo;3522;16102;49
17497;5597;vip;3522;24153;50
9089;9277;platea;8769;9326;51
18659;3248;vip;8769;27978;52
4267;2286;vip;8769;27978;53
13737;8847;campo;8769;18652;54
6647;5903;platea;8769;9326;55
3216;2937;platea;3522;8051;56
18968;1818;vip;8576;22596;57
10914;1104;vip;8576;22596;58
13158;2105;campo;3522;16102;59
5137;5771;campo;8769;18652;60
15296;3759;vip;8769;27978;61
9456;7586;platea;8769;9326;62
18775;8182;campo;8769;18652;63
8143;8267;vip;8769;27978;64
3083;6298;campo;8769;18652;65
10970;9953;vip;8769;27978;66
9397;8267;campo;8769;18652;67
8147;5776;platea;3522;8051;68
4699;9813;vip;8769;27978;69
10414;8527;campo;3522;16102;70
14529;5776;platea;8769;9326;71
6652;4997;platea;3522;8051;72
15239;5776;platea;3522;8051;73
11228;5903;vip;8576;22596;74
13845;9657;platea;3522;8051;75
19969;2430;campo;3522;16102;76
13373;1048;vip;3522;24153;77
10487;4716;vip;8576;22596;78
8037;9930;platea;3522;8051;79
12220;2354;vip;3522;24153;80
8712;1311;vip;8576;22596;81
9959;9109;campo;8576;15064;82
10845;8245;vip;8769;27978;83
11780;3137;vip;8576;22596;84
8505;9930;vip;8769;27978;85
12304;6084;campo;8576;15064;86
17113;3360;platea;8769;9326;87
16516;4075;campo;3522;16102;88
12603;9930;campo;8576;15064;89
13849;7340;vip;8769;27978;90
3833;4224;vip;3522;24153;91
10392;3177;platea;8576;7532;92
3856;2937;platea;3522;8051;93
9346;1808;vip;8576;22596;94
17280;9961;platea;3522;8051;95
17261;9207;platea;3522;8051;96
14527;3759;vip;3522;24153;97
18603;1808;vip;8769;27978;98
13139;6084;platea;8576;7532;99
16230;5669;vip;3522;24153;100
11154;5776;vip;3522;24153;101
19469;7875;platea;8576;7532;102
17769;7891;vip;8769;27978;103
16477;1901;campo;8769;18652;104
17407;7875;campo;8576;15064;105
1004;6084;vip;8576;22596;106
1918;4224;platea;8769;9326;107
7926;6854;campo;3522;16102;108
5758;1636;vip;8769;27978;109
4196;3780;vip;8769;27978;110
6736;4322;vip;3522;24153;111
7399;5771;campo;8769;18652;112
16530;9109;vip;8769;27978;113
6747;6602;vip;8576;22596;114
12276;2105;platea;8576;7532;115
9344;7820;platea;3522;8051;116
7679;3360;platea;8769;9326;117
1744;7500;platea;3522;8051;118
3441;1818;platea;3522;8051;119
5266;1048;platea;8576;7532;120
1219;9813;campo;8576;15064;121
1450;6828;platea;8769;9326;122
4692;3360;campo;8769;18652;123
5217;8759;vip;8576;22596;124
13840;4495;platea;8576;7532;125
15632;3069;platea;8769;9326;126
19087;2100;campo;8576;15064;127
8354;8325;vip;8769;27978;128
18060;6246;campo;3522;16102;129
6250;8133;platea;3522;8051;130
9662;3759;campo;8576;15064;131
16807;3927;vip;8769;27978;132
11500;9611;campo;8576;15064;133
6978;8133;campo;8576;15064;134
10922;4124;campo;3522;16102;135
8493;8133;vip;8576;22596;136
3137;2220;platea;3522;8051;137
16505;2815;platea;8769;9326;138
19707;1311;campo;8576;15064;139
8506;2430;platea;3522;8051;140
4850;1472;vip;8576;22596;141
1428;2286;campo;3522;16102;142
1761;9645;vip;8576;22596;143
1816;8325;vip;3522;24153;144
10375;5903;vip;3522;24153;145
16594;7500;vip;8769;27978;146
1105;8247;vip;8769;27978;147
19700;9841;vip;3522;24153;148
5403;8014;vip;3522;24153;149
5167;4075;platea;8769;9326;150
16139;9961;vip;8576;22596;151
10779;6769;platea;8769;9326;152
2365;4036;platea;3522;8051;153
4102;9611;platea;8769;9326;154
9576;1472;platea;8576;7532;155
3750;4075;platea;3522;8051;156
9142;9961;platea;3522;8051;157
18473;9207;campo;8769;18652;158
12801;9813;vip;8576;22596;159
8189;6240;campo;8769;18652;160
13619;2489;platea;8769;9326;161
16286;8636;vip;3522;24153;162
3490;9953;campo;8576;15064;163
14944;3248;vip;3522;24153;164
8182;7891;campo;3522;16102;165
8844;8014;campo;8769;18652;166
5467;9460;platea;8769;9326;167
16529;4716;campo;8769;18652;168
5620;8847;vip;3522;24153;169
10567;3069;vip;8576;22596;170
3398;7891;campo;8576;15064;171
14813;9645;vip;8576;22596;172
2246;5776;vip;8576;22596;173
7925;3027;campo;8769;18652;174
17003;3137;campo;8576;15064;175
2299;9657;vip;8769;27978;176
6155;7500;vip;8769;27978;177
11532;9645;platea;8576;7532;178
3988;9961;campo;3522;16102;179
12415;6854;campo;8769;18652;180
5136;3759;vip;3522;24153;181
12287;9460;vip;3522;24153;182
11011;5966;platea;8576;7532;183
2953;9645;campo;8769;18652;184
6774;9930;platea;3522;8051;185
4506;6084;campo;8769;18652;186
6953;9841;vip;8576;22596;187
15627;8014;platea;3522;8051;188
14577;7820;campo;3522;16102;189
3922;3248;platea;3522;8051;190
15100;8056;vip;8576;22596;191
16659;5491;campo;8769;18652;192
9952;5983;vip;8576;22596;193
3218;2286;platea;8576;7532;194
2192;4997;campo;3522;16102;195
6560;5903;platea;8576;7532;196
5819;5669;vip;8769;27978;197
6371;5877;vip;3522;24153;198
1658;8267;platea;8769;9326;199
18233;5669;platea;8576;7532;200
11563;8056;campo;8576;15064;201
6239;9109;platea;8576;7532;202
2326;8906;vip;3522;24153;203
2432;4716;vip;3522;24153;204
18671;4032;vip;8769;27978;205
3082;3177;platea;8769;9326;206
3180;7891;campo;8576;15064;207
19552;6298;platea;3522;8051;208
5938;6298;campo;3522;16102;209
3655;4224;campo;8576;15064;210
12140;7086;campo;8576;15064;211
6609;3248;platea;8769;9326;212
2147;5903;platea;8769;9326;213
7315;4322;campo;8576;15064;214
1858;5776;platea;8769;9326;215
16108;4075;campo;3522;16102;216
18976;2354;vip;3522;24153;217
12189;6246;platea;3522;8051;218
11484;9614;platea;8576;7532;219
11266;8759;vip;3522;24153;220
16211;9930;platea;8576;7532;221
18041;2430;platea;8769;9326;222
18398;3027;vip;3522;24153;223
16282;2286;vip;8576;22596;224
19084;7820;platea;3522;8051;225
1556;5651;campo;8576;15064;226
16749;3267;campo;8576;15064;227
3687;4036;platea;8576;7532;228
3191;8906;campo;8576;15064;229
14565;6828;campo;3522;16102;230
4039;7123;vip;8576;22596;231
18580;9109;platea;8576;7532;232
2543;7086;vip;8769;27978;233
9362;4224;platea;3522;8051;234
1742;6828;platea;8576;7532;235
1271;2764;platea;8769;9326;236
6823;9645;platea;8769;9326;237
9436;8884;vip;3522;24153;238
4135;9820;campo;3522;16102;239
9320;9567;vip;8769;27978;240
14838;4032;vip;8769;27978;241
1592;6084;vip;8769;27978;242
7817;1636;vip;8769;27978;243
2952;7586;platea;8769;9326;244
16207;3137;campo;3522;16102;245
14275;3267;vip;3522;24153;246
14887;2918;campo;8769;18652;247
17371;9567;campo;8576;15064;248
15320;3927;campo;8576;15064;249
3035;6240;platea;3522;8051;250
13484;1477;vip;3522;24153;251
15084;5491;campo;8769;18652;252
18532;1808;campo;8576;15064;253
9171;3137;campo;8576;15064;254
5327;8014;campo;8576;15064;255
11422;9961;campo;8576;15064;256
15952;2430;vip;3522;24153;257
8795;7820;platea;8576;7532;258
14966;5771;vip;3522;24153;259
1854;9645;campo;8769;18652;260
15420;2489;vip;8576;22596;261
15994;1104;vip;8576;22596;262
2733;9820;platea;8576;7532;263
8144;1522;platea;3522;8051;264
18148;8743;vip;3522;24153;265
6948;3267;vip;3522;24153;266
9381;6854;vip;8576;22596;267
1072;8182;vip;3522;24153;268
12642;2100;platea;8769;9326;269
9434;1477;campo;8576;15064;270
15350;7875;vip;8576;22596;271
13463;9961;campo;3522;16102;272
11875;8245;vip;8576;22596;273
4396;7586;campo;3522;16102;274
8789;5771;campo;8576;15064;275
6457;9930;vip;8576;22596;276
11239;3961;platea;3522;8051;277
16204;6602;campo;8769;18652;278
12115;2220;vip;8576;22596;279
7197;4160;vip;3522;24153;280
7109;3961;campo;3522;16102;281
12552;2937;vip;3522;24153;282
8207;5966;platea;8769;9326;283
6009;1522;campo;8769;18652;284
6605;9611;campo;8576;15064;285
12752;2430;vip;8769;27978;286
10983;2918;vip;8576;22596;287
7700;5597;platea;8769;9326;288
6676;3248;campo;8576;15064;289
10197;5903;platea;8576;7532;290
2767;6854;vip;8769;27978;291
17097;3759;vip;3522;24153;292
17651;8325;campo;8769;18652;293
6198;2815;campo;8769;18652;294
16637;8743;vip;8576;22596;295
11845;6602;campo;8769;18652;296
3792;7891;campo;3522;16102;297
12041;2937;vip;8769;27978;298
12908;5776;campo;8576;15064;299
12399;9207;platea;8576;7532;300
10991;6240;vip;3522;24153;301
1873;2815;campo;8576;15064;302
12526;3270;platea;8769;9326;303
14549;1716;vip;8576;22596;304
4669;3027;platea;8769;9326;305
17444;4997;campo;8576;15064;306
3791;8182;platea;3522;8051;307
8532;3177;platea;3522;8051;308
7218;4036;platea;8769;9326;309
3030;5983;campo;8769;18652;310
15753;3137;vip;8769;27978;311
7198;3360;vip;3522;24153;312
7865;8056;campo;8576;15064;313
9255;5007;campo;8576;15064;314
4442;5491;vip;8576;22596;315
2059;2918;campo;8769;18652;316
6013;7586;platea;8576;7532;317
6226;8056;platea;8769;9326;318
2571;1472;platea;8769;9326;319
17332;9460;platea;8576;7532;320
19879;7934;campo;8769;18652;321
9550;9841;platea;8769;9326;322
15539;3360;platea;8769;9326;323
19458;2764;platea;8576;7532;324
19719;8325;vip;3522;24153;325
3692;9277;platea;3522;8051;326
10166;2220;campo;8769;18652;327
12865;5491;vip;3522;24153;328
13922;2354;platea;8769;9326;329
2239;4716;vip;8769;27978;330
13885;5776;platea;8576;7532;331
8968;4036;campo;8576;15064;332
6819;9657;platea;8576;7532;333
1888;2354;campo;8576;15064;334
5188;4322;platea;8576;7532;335
10572;7123;platea;8769;9326;336
1422;9813;platea;8576;7532;337
18692;7875;platea;8769;9326;338
11557;3027;vip;8769;27978;339
3632;1522;vip;8576;22596;340
8046;8056;vip;8769;27978;341
8927;3267;platea;8769;9326;342
8722;1716;vip;3522;24153;343
19417;2286;campo;8769;18652;344
8510;8056;campo;3522;16102;345
17087;5491;platea;3522;8051;346
4164;7586;campo;3522;16102;347
1338;3780;platea;3522;8051;348
17820;1048;vip;8769;27978;349
4865;8014;vip;8576;22596;350
14513;7934;vip;8576;22596;351
11521;1636;campo;8576;15064;352
8642;6828;campo;8769;18652;353
5653;2430;campo;8769;18652;354
15297;9614;campo;8769;18652;355
13197;1472;campo;8576;15064;356
4727;2955;vip;3522;24153;357
3814;2220;campo;8769;18652;358
19148;4160;campo;3522;16102;359
11252;2937;vip;3522;24153;360
5414;6240;platea;3522;8051;361
5036;1477;platea;8769;9326;362
18541;8056;vip;3522;24153;363
4619;2858;platea;3522;8051;364
7485;6084;platea;8576;7532;365
2029;3177;vip;3522;24153;366
15776;7500;platea;3522;8051;367
3272;7586;vip;3522;24153;368
17524;2100;vip;3522;24153;369
19645;8056;platea;8769;9326;370
10367;8527;campo;3522;16102;371
14053;8906;vip;8769;27978;372
7816;3927;vip;8576;22596;373
16284;1477;campo;8769;18652;374
18518;5877;platea;8576;7532;375
8251;8325;campo;8769;18652;376
7024;1104;platea;3522;8051;377
16062;3267;platea;8576;7532;378
2813;5007;campo;8576;15064;379
10311;8759;vip;8576;22596;380
8397;9877;vip;8769;27978;381
5053;4495;platea;8769;9326;382
3755;3961;vip;8576;22596;383
19611;6298;platea;8769;9326;384
15750;8133;campo;8769;18652;385
3063;3927;vip;8769;27978;386
17963;9657;vip;3522;24153;387
7577;6084;vip;8576;22596;388
14400;6602;campo;8769;18652;389
18049;4075;platea;8576;7532;390
7591;3270;platea;3522;8051;391
15278;8245;campo;8769;18652;392
5425;9277;campo;8576;15064;393
17727;9567;campo;3522;16102;394
8590;2489;platea;8576;7532;395
12749;2858;vip;8769;27978;396
6121;2815;campo;8576;15064;397
5138;5776;platea;8769;9326;398
19603;1818;vip;8769;27978;399
14650;8743;vip;3522;24153;400
10220;9877;campo;8576;15064;401
15923;8847;vip;3522;24153;402
2152;8759;campo;3522;16102;403
17441;2100;platea;8576;7532;404
12772;6084;campo;8769;18652;405
3648;2105;platea;8576;7532;406
12445;9109;campo;3522;16102;407
11023;8133;campo;8576;15064;408
11795;5007;platea;3522;8051;409
9699;8527;platea;3522;8051;410
8762;1477;vip;3522;24153;411
11847;3360;campo;3522;16102;412
10047;7123;campo;8576;15064;413
3889;1522;vip;3522;24153;414
13395;5776;vip;3522;24153;415
18186;9567;vip;3522;24153;416
14761;9207;platea;8576;7532;417
6539;6602;vip;8576;22596;418
17712;9460;vip;3522;24153;419
9860;5903;campo;8576;15064;420
16708;7875;vip;3522;24153;421
8950;3137;platea;8769;9326;422
9439;6828;platea;8769;9326;423
17646;8884;platea;3522;8051;424
17917;8182;vip;3522;24153;425
16053;8636;platea;3522;8051;426
16346;3759;vip;8576;22596;427
11546;1901;vip;8769;27978;428
19318;3027;campo;3522;16102;429
7632;3780;platea;3522;8051;430
11957;5669;campo;8769;18652;431
9267;4224;vip;8576;22596;432
6112;1477;platea;8576;7532;433
3897;9645;platea;8769;9326;434
6842;8245;vip;8769;27978;435
18313;3177;platea;3522;8051;436
12755;3027;campo;3522;16102;437
8883;2105;campo;3522;16102;438
7096;7123;platea;3522;8051;439
15520;5877;vip;8769;27978;440
15328;3248;vip;8769;27978;441
2275;7934;campo;8769;18652;442
15023;8759;platea;8576;7532;443
10868;1048;vip;8769;27978;444
5141;5903;vip;8769;27978;445
17078;2918;campo;8576;15064;446
18436;8847;platea;8769;9326;447
10222;8056;vip;8769;27978;448
9828;4160;campo;8769;18652;449
15943;4224;campo;8576;15064;450
16699;8847;vip;8769;27978;451
13916;2100;vip;3522;24153;452
3539;8247;campo;3522;16102;453
14317;7123;vip;8769;27978;454
13046;6298;campo;8769;18652;455
1427;5491;platea;3522;8051;456
16603;6298;vip;8769;27978;457
1786;1636;vip;8576;22596;458
9485;3270;platea;8769;9326;459
19646;2918;campo;8576;15064;460
19936;5491;campo;8576;15064;461
13440;5669;campo;8769;18652;462
3408;3248;campo;8769;18652;463
8613;8182;vip;8769;27978;464
9816;8247;campo;8769;18652;465
11324;6240;platea;8769;9326;466
14852;9460;campo;8769;18652;467
8124;6854;vip;8769;27978;468
16118;5669;platea;3522;8051;469
11994;3927;vip;3522;24153;470
7551;7086;vip;8576;22596;471
4733;2918;vip;3522;24153;472
3817;8527;campo;8769;18652;473
15933;7586;platea;8576;7532;474
8168;3780;campo;8769;18652;475
4601;1808;campo;8576;15064;476
7494;9611;platea;8576;7532;477
18505;9930;campo;8769;18652;478
16705;9961;vip;3522;24153;479
19230;2100;campo;8576;15064;480
9349;1901;platea;8769;9326;481
2892;7086;campo;8576;15064;482
12668;3069;campo;3522;16102;483
10830;8759;campo;3522;16102;484
2927;7891;vip;8769;27978;485
3069;2918;platea;3522;8051;486
17836;7500;vip;3522;24153;487
15534;3177;campo;8769;18652;488
10626;6246;platea;8769;9326;489
19557;1716;platea;8769;9326;490
5850;6084;campo;3522;16102;491
11297;1104;platea;8576;7532;492
6028;3270;vip;8769;27978;493
3077;8493;platea;8576;7532;494
7187;8247;vip;8576;22596;495
2005;5007;vip;3522;24153;496
11738;5983;vip;8576;22596;497
3236;5776;platea;3522;8051;498
3103;1522;vip;3522;24153;499
4264;2220;platea;8576;7532;500
14050;8014;platea;8576;7532;501
14008;9614;vip;3522;24153;502
11948;1522;campo;8769;18652;503
7845;3267;vip;8769;27978;504
10454;7891;campo;3522;16102;505
3199;5597;platea;8576;7532;506
12005;9460;campo;8576;15064;507
2881;5966;campo;8576;15064;508
17751;3069;vip;3522;24153;509
1460;2955;platea;8769;9326;510
9856;1901;campo;8576;15064;511
9404;3360;platea;8769;9326;512
4035;8636;campo;8769;18652;513
11215;5903;vip;8576;22596;514
8055;5877;vip;8576;22596;515
18867;8182;vip;8769;27978;516
5605;9961;vip;8769;27978;517
13432;4036;campo;3522;16102;518
16806;5597;platea;3522;8051;519
11760;9820;vip;3522;24153;520
16575;6298;platea;3522;8051;521
9807;8325;campo;8769;18652;522
7287;3137;campo;3522;16102;523
14174;2858;vip;8769;27978;524
17617;3961;campo;8576;15064;525
19701;9953;platea;8576;7532;526
5989;3360;platea;8769;9326;527
5052;8636;vip;8576;22596;528
17016;3027;platea;3522;8051;529
7469;4036;vip;3522;24153;530
11578;4124;vip;8769;27978;531
15655;7123;vip;3522;24153;532
8414;6298;platea;3522;8051;533
9210;4322;campo;3522;16102;534
17363;2286;platea;8769;9326;535
3980;1311;platea;3522;8051;536
9927;1901;campo;8576;15064;537
17851;2354;platea;3522;8051;538
6720;4036;vip;3522;24153;539
17656;2489;campo;8576;15064;540
19892;6828;vip;8576;22596;541
19477;9930;vip;8769;27978;542
7474;8267;campo;3522;16102;543
1902;4124;campo;8576;15064;544
11807;4322;campo;8769;18652;545
4432;1901;vip;3522;24153;546
8648;8014;campo;8576;15064;547
6590;8527;campo;3522;16102;548
12588;6084;campo;3522;16102;549
18389;1311;campo;3522;16102;550
1917;9841;platea;8769;9326;551
12813;1311;platea;3522;8051;552
18924;6602;platea;8769;9326;553
14108;5491;platea;8576;7532;554
19298;2489;platea;3522;8051;555
18249;8906;platea;3522;8051;556
19479;6084;vip;8769;27978;557
5348;3270;platea;8576;7532;558
7363;9611;campo;8576;15064;559
8523;8884;platea;3522;8051;560
8735;3360;vip;3522;24153;561
4062;3759;vip;8576;22596;562
19725;9109;platea;3522;8051;563
10330;5776;vip;8769;27978;564
5951;1104;campo;3522;16102;565
15192;7340;vip;3522;24153;566
14475;8743;campo;8576;15064;567
13524;2354;campo;3522;16102;568
9765;1716;vip;3522;24153;569
5570;8247;campo;8769;18652;570
12231;1311;campo;8769;18652;571
11960;1636;vip;3522;24153;572
19331;8245;vip;3522;24153;573
17036;1477;platea;8769;9326;574
2536;8245;campo;8576;15064;575
11670;1472;vip;8576;22596;576
4120;5007;vip;8769;27978;577
15628;4075;platea;8576;7532;578
4019;9567;campo;8576;15064;579
17730;3759;campo;8576;15064;580
12483;1472;platea;8769;9326;581
1822;3137;vip;8769;27978;582
9409;9841;vip;8769;27978;583
15464;4495;vip;8576;22596;584
19139;4997;vip;3522;24153;585
1911;7820;platea;8576;7532;586
16223;6602;platea;8769;9326;587
4549;5983;vip;8769;27978;588
17443;2815;campo;8576;15064;589
16828;3780;campo;8769;18652;590
13658;3137;vip;8576;22596;591
13878;8182;platea;8576;7532;592
16375;4495;platea;8576;7532;593
5063;9567;vip;3522;24153;594
16115;3177;vip;3522;24153;595
8657;3248;vip;3522;24153;596
14819;7086;platea;3522;8051;597
12540;5771;vip;3522;24153;598
12096;9460;vip;8769;27978;599
8819;5771;platea;8576;7532;600
18257;8267;vip;8576;22596;601
3709;8133;vip;8576;22596;602
10481;9645;platea;3522;8051;603
2448;8759;platea;8576;7532;604
7203;7891;platea;8576;7532;605
14208;8267;platea;3522;8051;606
2754;8267;platea;3522;8051;607
11495;1808;campo;8576;15064;608
15707;9657;platea;8769;9326;609
8549;3137;campo;3522;16102;610
11359;6240;vip;3522;24153;611
3725;9820;platea;3522;8051;612
15438;4997;campo;8769;18652;613
13047;4224;vip;8576;22596;614
7008;4716;platea;3522;8051;615
9301;1901;platea;8576;7532;616
12286;7340;vip;8769;27978;617
5182;9657;platea;3522;8051;618
5449;1636;vip;8576;22596;619
5599;8182;platea;8576;7532;620
6689;3270;vip;8769;27978;621
7986;6828;platea;8576;7532;622
14249;7086;campo;3522;16102;623
8753;2815;platea;3522;8051;624
11110;3069;platea;8769;9326;625
16295;9611;vip;8769;27978;626
5603;7086;campo;8769;18652;627
3382;9567;vip;8769;27978;628
18155;8325;vip;8576;22596;629
12470;1311;campo;3522;16102;630
16442;3248;campo;3522;16102;631
1502;6769;campo;8769;18652;632
6515;4224;vip;3522;24153;633
12521;1901;platea;3522;8051;634
12594;2955;vip;8769;27978;635
6994;2220;platea;8576;7532;636
18457;2937;campo;8769;18652;637
3946;4075;vip;8576;22596;638
3621;4160;campo;8576;15064;639
8723;3177;campo;3522;16102;640
10435;8056;campo;8769;18652;641
3243;5966;vip;8576;22596;642
3994;2100;vip;3522;24153;643
11222;9877;campo;8576;15064;644
2340;5651;campo;8769;18652;645
6236;6298;vip;8769;27978;646
14062;1716;platea;3522;8051;647
4294;9657;vip;8769;27978;648
9694;2937;campo;8576;15064;649
5247;4322;campo;8576;15064;650
17044;8008;platea;8576;7532;651
1236;9614;platea;8769;9326;652
16178;9567;vip;8576;22596;653
5064;7500;platea;8769;9326;654
18841;8743;vip;8576;22596;655
2073;9930;campo;8576;15064;656
6292;9813;campo;8576;15064;657
12708;7500;vip;8769;27978;658
19617;8743;campo;3522;16102;659
7072;9657;platea;8576;7532;660
2294;2955;platea;8576;7532;661
8141;9567;vip;8769;27978;662
13949;9841;platea;3522;8051;663
1141;5669;platea;8576;7532;664
16687;1048;platea;8576;7532;665
2183;2764;campo;3522;16102;666
7431;2105;campo;8769;18652;667
10394;9614;campo;3522;16102;668
13017;9611;vip;8769;27978;669
13287;9841;vip;8769;27978;670
2460;8759;platea;3522;8051;671
8442;1472;vip;8769;27978;672
14286;6240;platea;8576;7532;673
15978;2764;platea;8769;9326;674
14774;8847;platea;8576;7532;675
14790;7934;vip;3522;24153;676
15234;6240;campo;8769;18652;677
5802;5966;campo;8769;18652;678
11503;5491;campo;8769;18652;679
7557;8906;platea;8769;9326;680
5516;4224;campo;3522;16102;681
19116;7586;campo;8769;18652;682
1396;2955;platea;8769;9326;683
9896;5491;platea;8769;9326;684
6465;4716;vip;8576;22596;685
5757;3137;platea;8576;7532;686
18212;5669;platea;8576;7532;687
13502;9567;campo;8576;15064;688
5302;9877;platea;8769;9326;689
13717;8325;vip;8769;27978;690
18013;9460;campo;8576;15064;691
7257;7586;platea;8576;7532;692
12153;5983;campo;8576;15064;693
13026;4322;campo;8769;18652;694
16056;6828;platea;3522;8051;695
6158;6828;platea;8769;9326;696
6235;3780;campo;8769;18652;697
17007;3177;campo;8576;15064;698
4793;2918;platea;3522;8051;699
9684;8527;vip;8769;27978;700
